path;CSVnum;code;SNR_min;SNR_max;RMS;WN
Path_1a;1;1;19.5545;28.5263;5.4472;-102.5911
Path_1a;2;1;19.546;28.4358;5.4433;-118.2011
Path_1a;3;1;19.546;28.3863;5.4364;-93.1848
Path_1a;4;1;19.5714;28.3939;5.4261;-89.1165
Path_1a;5;1;19.5517;28.392;5.4224;-107.6274
Path_1b;1;1;19.5601;28.5175;5.3427;-90.3506
Path_1b;2;1;19.5676;28.3765;5.3336;-100.9873
Path_1b;3;1;19.6051;28.3294;5.331;-87.0943
Path_1b;4;1;19.5947;28.2399;5.3157;-85.709
Path_1b;5;1;19.5732;28.1402;5.3154;-102.6328
Path_2a;1;8;18.3764;30.1859;4.7926;-86.26
Path_2a;2;0;18.4007;30.0396;4.7681;-95.8304
Path_2a;3;0;18.3273;29.8225;4.7495;-90.4839
Path_2a;4;0;18.2938;29.7357;4.7277;-107.1882
Path_2a;5;0;18.2885;29.6778;4.7175;-93.9314
Path_2b;1;0;18.3968;31.0234;4.7672;-92.063
Path_2b;2;0;18.3432;30.8626;4.7384;-91.1395
Path_2b;3;0;18.3479;30.7857;4.7311;-94.0098
Path_2b;4;8;18.3261;30.5432;4.7116;-85.5033
Path_2b;5;0;18.3332;30.6296;4.7061;-93.6065
Path_3a;1;1;17.5418;27.269;8.6903;-104.0494
Path_3a;2;1;17.5397;27.4082;8.6693;-82.8502
Path_3a;3;1;17.5377;27.4538;8.6579;-90.1929
Path_3a;4;1;17.5775;27.4001;8.6321;-84.0218
Path_3a;5;1;17.639;27.4001;8.621;-81.3342
Path_3b;1;1;17.0274;26.8746;8.9322;-86.7122
Path_3b;2;1;16.9969;26.7844;8.898;-109.0519
Path_3b;3;1;17.0111;26.8284;8.8926;-90.2417
Path_3b;4;1;17.0356;26.8686;8.875;-80.6771
Path_3b;5;1;17.0622;26.911;8.8575;-89.267
Path_4a;1;1;18.4807;26.7684;7.8358;-92.1299
Path_4a;2;1;18.4625;26.6891;7.8159;-88.1805
Path_4a;3;1;18.459;26.7234;7.8156;-104.3454
Path_4a;4;1;18.4263;26.6821;7.8314;-90.2912
Path_4a;5;1;18.3896;26.5393;7.8302;-86.7291
Path_4b;1;1;17.7261;26.0063;7.6178;-84.7201
Path_4b;2;1;17.707;26.001;7.6161;-103.4733
Path_4b;3;1;17.7052;25.9992;7.618;-101.601
Path_4b;4;1;17.6624;25.9265;7.6226;-95.3127
Path_4b;5;1;17.6797;25.8949;7.6188;-103.4654
Path_5a;1;1;18.5204;29.9591;6.4964;-90.3383
Path_5a;2;1;18.4725;30.0491;6.4765;-93.5898
Path_5a;3;1;18.4725;29.87;6.4985;-93.2354
Path_5a;4;1;18.4306;29.9648;6.4677;-97.4159
Path_5a;5;1;18.3248;29.6024;6.4544;-94.0831
Path_5b;1;1;18.8074;31.3752;6.1754;-83.775
Path_5b;2;1;18.7803;31.2696;6.1604;-84.9423
Path_5b;3;1;18.7264;31.062;6.1539;-84.7611
Path_5b;4;1;18.7664;31.0536;6.157;-98.1427
Path_5b;5;1;18.6967;30.5711;6.1324;-83.9457
Path_6a;1;0;20.0351;27.7059;4.9338;-109.3121
Path_6a;2;0;20.0565;27.7079;4.9473;-109.3205
Path_6a;3;0;20.1232;27.5288;4.9649;-99.5207
Path_6a;4;0;20.1016;27.254;4.9916;-96.7337
Path_6a;5;1;20.1468;26.9519;5.0172;-89.1909
Path_6b;1;8;20.5909;27.574;4.8921;-80.0232
Path_6b;2;8;20.5726;27.6213;4.8955;-83.8387
Path_6b;3;0;20.6003;27.4044;4.9175;-90.8562
Path_6b;4;8;20.6225;27.1015;4.9222;-87.7235
Path_6b;5;8;20.5801;26.9721;4.9482;-88.5732