19	19	3975	3989	0.001573985799	0	0	3993	4033	0.001616513846	0	0	19	19	4033	3995	0.000492248974	0	0	3988	4043	0.000510672398	0	0	19	19	4024	4024	0.000492248974	0	0	4045	4001	0.000510672398	0	0	19	19	4029	3995	0.000696040779	0	0	4035	3989	0.000722091528	0	0	19	19	4024	4048	0.000696040779	0	0	4002	3993	0.000722091528	0	0	19	19	3970	3982	0.000492248974	0	0	3961	3987	0.000510672398	0	0	19	19	3983	3984	0.000492248974	0	0	4032	4003	0.000510672398	0	0	19	19	4002	4028	0.001573985799	0	0	3962	4013	0.001616513846	0	0
19	19	3985	3983	0.001573985799	0	0	4008	4037	0.001616513846	0	0	19	19	3970	4017	0.000492248974	0	0	4041	3970	0.000510672398	0	0	19	19	3980	4000	0.000492248974	0	0	4039	4000	0.000510672398	0	0	19	19	3977	4003	0.000696040779	0	0	4007	3991	0.000722091528	0	0	19	19	3951	4020	0.000696040779	0	0	4001	3988	0.000722091528	0	0	19	19	3956	3986	0.000492248974	0	0	3973	3970	0.000510672398	0	0	19	19	4032	3989	0.000492248974	0	0	3955	3987	0.000510672398	0	0	19	19	4028	3966	0.001573985799	0	0	4042	3982	0.001616513846	0	0
19	19	3983	3970	0.001573985799	0	0	4027	3957	0.001616513846	0	0	19	19	4045	3965	0.000492248974	0	0	3978	4019	0.000510672398	0	0	19	19	3964	4001	0.000492248974	0	0	4022	4043	0.000510672398	0	0	19	19	4023	4025	0.000696040779	0	0	3991	3974	0.000722091528	0	0	19	19	4002	3972	0.000696040779	0	0	4035	4016	0.000722091528	0	0	19	19	4032	4030	0.000492248974	0	0	3997	3981	0.000510672398	0	0	19	19	4019	4049	0.000492248974	0	0	4027	4033	0.000510672398	0	0	19	19	4021	4010	0.001573985799	0	0	4026	4000	0.001616513846	0	0
19	19	4037	3956	0.001573985799	0	0	4047	3959	0.001616513846	0	0	19	19	4005	3990	0.000492248974	0	0	3960	4023	0.000510672398	0	0	19	19	4011	4029	0.000492248974	0	0	4007	4031	0.000510672398	0	0	19	19	4008	4045	0.000696040779	0	0	4038	4001	0.000722091528	0	0	19	19	4029	3997	0.000696040779	0	0	4033	3982	0.000722091528	0	0	19	19	4048	3978	0.000492248974	0	0	3957	4025	0.000510672398	0	0	19	19	4033	4043	0.000492248974	0	0	3983	4031	0.000510672398	0	0	19	19	4004	3996	0.001573985799	0	0	4032	4046	0.001616513846	0	0
19	19	3957	4021	0.001573985799	0	0	3973	3990	0.001616513846	0	0	19	19	3977	4034	0.000492248974	0	0	4050	4015	0.000510672398	0	0	19	19	4021	4044	0.000492248974	0	0	4019	4007	0.000510672398	0	0	19	19	3988	4014	0.000696040779	0	0	3986	3991	0.000722091528	0	0	19	19	3987	3997	0.000696040779	0	0	4000	4041	0.000722091528	0	0	19	19	3970	3984	0.000492248974	0	0	4007	3999	0.000510672398	0	0	19	19	3976	4008	0.000492248974	0	0	4038	3956	0.000510672398	0	0	19	19	3994	3958	0.001573985799	0	0	4006	4004	0.001616513846	0	0
19	19	4027	3973	0.001573985799	0	0	4009	3996	0.001616513846	0	0	19	19	4036	4016	0.000492248974	0	0	3985	3985	0.000510672398	0	0	19	19	3975	4046	0.000492248974	0	0	3980	3965	0.000510672398	0	0	19	19	3986	4024	0.000696040779	0	0	4021	4020	0.000722091528	0	0	19	19	3950	3987	0.000696040779	0	0	4041	3982	0.000722091528	0	0	19	19	4010	3980	0.000492248974	0	0	3962	3989	0.000510672398	0	0	19	19	4032	4049	0.000492248974	0	0	4037	3958	0.000510672398	0	0	19	19	3984	3973	0.001573985799	0	0	3982	4049	0.001616513846	0	0
19	19	4005	4025	0.001573985799	0	0	4035	3966	0.001616513846	0	0	19	19	4041	3960	0.000492248974	0	0	4025	4023	0.000510672398	0	0	19	19	4022	3963	0.000492248974	0	0	3995	4001	0.000510672398	0	0	19	19	4003	4036	0.000696040779	0	0	4018	4031	0.000722091528	0	0	19	19	4003	4046	0.000696040779	0	0	3956	4004	0.000722091528	0	0	19	19	3978	3998	0.000492248974	0	0	4019	3971	0.000510672398	0	0	19	19	4011	3982	0.000492248974	0	0	4038	3963	0.000510672398	0	0	19	19	3960	4046	0.001573985799	0	0	3965	3965	0.001616513846	0	0
19	19	3965	3959	0.001573985799	0	0	3995	4017	0.001616513846	0	0	19	19	4033	4029	0.000492248974	0	0	4021	3997	0.000510672398	0	0	19	19	4021	4046	0.000492248974	0	0	4001	3980	0.000510672398	0	0	19	19	4029	3973	0.000696040779	0	0	3973	3996	0.000722091528	0	0	19	19	4012	4012	0.000696040779	0	0	3962	3962	0.000722091528	0	0	19	19	3978	4024	0.000492248974	0	0	3991	4033	0.000510672398	0	0	19	19	4044	3990	0.000492248974	0	0	3955	4007	0.000510672398	0	0	19	19	4025	3982	0.001573985799	0	0	3999	3972	0.001616513846	0	0
19	19	4044	3998	0.001573985799	0	0	4004	3972	0.001616513846	0	0	19	19	3959	3956	0.000492248974	0	0	4032	4027	0.000510672398	0	0	19	19	3969	4040	0.000492248974	0	0	4019	4016	0.000510672398	0	0	19	19	4050	3953	0.000696040779	0	0	3992	3999	0.000722091528	0	0	19	19	4008	3958	0.000696040779	0	0	4016	3955	0.000722091528	0	0	19	19	4006	4021	0.000492248974	0	0	3999	4012	0.000510672398	0	0	19	19	3971	4015	0.000492248974	0	0	3988	3960	0.000510672398	0	0	19	19	3988	3976	0.001573985799	0	0	3974	4012	0.001616513846	0	0
19	19	4002	3991	0.001573985799	0	0	3971	4036	0.001616513846	0	0	19	19	4036	3978	0.000492248974	0	0	4012	4028	0.000510672398	0	0	19	19	4046	4042	0.000492248974	0	0	3988	3966	0.000510672398	0	0	19	19	4030	3961	0.000696040779	0	0	3966	3985	0.000722091528	0	0	19	19	4035	4008	0.000696040779	0	0	4009	4043	0.000722091528	0	0	19	19	4008	3951	0.000492248974	0	0	4031	4011	0.000510672398	0	0	19	19	3998	3977	0.000492248974	0	0	3976	3998	0.000510672398	0	0	19	19	3972	3954	0.001573985799	0	0	3967	3976	0.001616513846	0	0
19	19	3969	4011	0.001573985799	0	0	4033	4031	0.001616513846	0	0	19	19	4031	4021	0.000492248974	0	0	4036	4028	0.000510672398	0	0	19	19	3970	4050	0.000492248974	0	0	3959	4015	0.000510672398	0	0	19	19	3971	3974	0.000696040779	0	0	3984	3969	0.000722091528	0	0	19	19	4001	4046	0.000696040779	0	0	3989	4009	0.000722091528	0	0	19	19	4011	4022	0.000492248974	0	0	3990	4036	0.000510672398	0	0	19	19	4042	4025	0.000492248974	0	0	3978	4030	0.000510672398	0	0	19	19	3964	4000	0.001573985799	0	0	4011	4021	0.001616513846	0	0
19	19	3988	4023	0.001573985799	0	0	4039	3955	0.001616513846	0	0	19	19	3963	4037	0.000492248974	0	0	3992	3991	0.000510672398	0	0	19	19	4046	4025	0.000492248974	0	0	4049	3973	0.000510672398	0	0	19	19	3959	3988	0.000696040779	0	0	4000	4007	0.000722091528	0	0	19	19	4048	3999	0.000696040779	0	0	3990	4050	0.000722091528	0	0	19	19	3976	4017	0.000492248974	0	0	4047	4017	0.000510672398	0	0	19	19	3980	4003	0.000492248974	0	0	3950	4039	0.000510672398	0	0	19	19	3990	3980	0.001573985799	0	0	4046	3996	0.001616513846	0	0
19	19	3979	3958	0.001573985799	0	0	4008	3965	0.001616513846	0	0	19	19	3957	4008	0.000492248974	0	0	3978	3986	0.000510672398	0	0	19	19	4023	4036	0.000492248974	0	0	3985	4047	0.000510672398	0	0	19	19	4046	3970	0.000696040779	0	0	4027	4012	0.000722091528	0	0	19	19	4042	4010	0.000696040779	0	0	4020	4025	0.000722091528	0	0	19	19	3988	3975	0.000492248974	0	0	3953	3997	0.000510672398	0	0	19	19	4015	3978	0.000492248974	0	0	4002	3974	0.000510672398	0	0	19	19	3980	4015	0.001573985799	0	0	4040	4036	0.001616513846	0	0
19	19	3971	3990	0.001573985799	0	0	4039	3975	0.001616513846	0	0	19	19	4047	4012	0.000492248974	0	0	3966	4033	0.000510672398	0	0	19	19	4016	4005	0.000492248974	0	0	3975	3954	0.000510672398	0	0	19	19	3973	3986	0.000696040779	0	0	4013	4049	0.000722091528	0	0	19	19	3970	4026	0.000696040779	0	0	4039	3997	0.000722091528	0	0	19	19	3966	4031	0.000492248974	0	0	3998	3961	0.000510672398	0	0	19	19	4038	4014	0.000492248974	0	0	3959	4041	0.000510672398	0	0	19	19	3953	3954	0.001573985799	0	0	4049	4019	0.001616513846	0	0
19	19	3988	4000	0.001573985799	0	0	4027	3954	0.001616513846	0	0	19	19	4023	4020	0.000492248974	0	0	3996	4008	0.000510672398	0	0	19	19	3984	3967	0.000492248974	0	0	3990	4042	0.000510672398	0	0	19	19	3972	3986	0.000696040779	0	0	3982	3958	0.000722091528	0	0	19	19	4001	4034	0.000696040779	0	0	4041	4023	0.000722091528	0	0	19	19	3988	3980	0.000492248974	0	0	4019	4038	0.000510672398	0	0	19	19	4043	3958	0.000492248974	0	0	3998	3962	0.000510672398	0	0	19	19	3975	4039	0.001573985799	0	0	3969	3962	0.001616513846	0	0
19	19	4004	3981	0.001573985799	0	0	3988	4029	0.001616513846	0	0	19	19	4034	4018	0.000492248974	0	0	3992	4014	0.000510672398	0	0	19	19	3971	4012	0.000492248974	0	0	4018	4010	0.000510672398	0	0	19	19	3984	3986	0.000696040779	0	0	3967	4030	0.000722091528	0	0	19	19	3999	3985	0.000696040779	0	0	4028	3973	0.000722091528	0	0	19	19	4035	4032	0.000492248974	0	0	4035	3987	0.000510672398	0	0	19	19	3988	4036	0.000492248974	0	0	3996	4007	0.000510672398	0	0	19	19	4020	4047	0.001573985799	0	0	4005	4014	0.001616513846	0	0
19	19	4007	4043	0.001573985799	0	0	4037	3967	0.001616513846	0	0	19	19	3968	3974	0.000492248974	0	0	4025	3970	0.000510672398	0	0	19	19	4049	4021	0.000492248974	0	0	3967	4036	0.000510672398	0	0	19	19	4041	4047	0.000696040779	0	0	4007	4006	0.000722091528	0	0	19	19	3967	4001	0.000696040779	0	0	4005	3966	0.000722091528	0	0	19	19	3999	4004	0.000492248974	0	0	3970	4012	0.000510672398	0	0	19	19	3952	3982	0.000492248974	0	0	4003	3983	0.000510672398	0	0	19	19	4010	3986	0.001573985799	0	0	3963	4042	0.001616513846	0	0
19	19	4014	4016	0.001573985799	0	0	4018	4025	0.001616513846	0	0	19	19	4035	4002	0.000492248974	0	0	3965	3988	0.000510672398	0	0	19	19	4032	3967	0.000492248974	0	0	3983	4047	0.000510672398	0	0	19	19	4031	3972	0.000696040779	0	0	4050	3956	0.000722091528	0	0	19	19	3992	3990	0.000696040779	0	0	3990	3961	0.000722091528	0	0	19	19	3992	4011	0.000492248974	0	0	4049	3972	0.000510672398	0	0	19	19	3985	3976	0.000492248974	0	0	3979	3969	0.000510672398	0	0	19	19	3952	3995	0.001573985799	0	0	3974	4037	0.001616513846	0	0
19	19	4003	4042	0.001573985799	0	0	4048	4009	0.001616513846	0	0	19	19	3962	4043	0.000492248974	0	0	4009	4039	0.000510672398	0	0	19	19	3992	4011	0.000492248974	0	0	3957	4043	0.000510672398	0	0	19	19	4014	3960	0.000696040779	0	0	4020	3989	0.000722091528	0	0	19	19	3958	3971	0.000696040779	0	0	3975	3972	0.000722091528	0	0	19	19	4021	4026	0.000492248974	0	0	4005	4005	0.000510672398	0	0	19	19	4013	4049	0.000492248974	0	0	4014	4010	0.000510672398	0	0	19	19	4041	4007	0.001573985799	0	0	3983	4046	0.001616513846	0	0
19	19	3994	4010	0.001573985799	0	0	4022	4018	0.001616513846	0	0	19	19	3971	3958	0.000492248974	0	0	3977	4037	0.000510672398	0	0	19	19	4006	3996	0.000492248974	0	0	3993	4028	0.000510672398	0	0	19	19	4016	4016	0.000696040779	0	0	3966	3993	0.000722091528	0	0	19	19	4001	3987	0.000696040779	0	0	3998	3984	0.000722091528	0	0	19	19	4028	3988	0.000492248974	0	0	4021	3998	0.000510672398	0	0	19	19	4023	4044	0.000492248974	0	0	4002	4041	0.000510672398	0	0	19	19	3972	4038	0.001573985799	0	0	3958	3997	0.001616513846	0	0
19	19	3952	4031	0.001573985799	0	0	3968	3966	0.001616513846	0	0	19	19	3968	4019	0.000492248974	0	0	3971	3980	0.000510672398	0	0	19	19	4027	4000	0.000492248974	0	0	4041	3955	0.000510672398	0	0	19	19	3994	4007	0.000696040779	0	0	4007	4033	0.000722091528	0	0	19	19	3962	3980	0.000696040779	0	0	3950	4046	0.000722091528	0	0	19	19	4027	4025	0.000492248974	0	0	3964	3985	0.000510672398	0	0	19	19	3965	4000	0.000492248974	0	0	4031	4013	0.000510672398	0	0	19	19	4019	4014	0.001573985799	0	0	4023	4036	0.001616513846	0	0
19	19	4013	3968	0.001573985799	0	0	4007	3966	0.001616513846	0	0	19	19	4041	3957	0.000492248974	0	0	3984	4008	0.000510672398	0	0	19	19	3997	4031	0.000492248974	0	0	4003	3972	0.000510672398	0	0	19	19	4021	3965	0.000696040779	0	0	4016	4014	0.000722091528	0	0	19	19	3973	3968	0.000696040779	0	0	3966	3965	0.000722091528	0	0	19	19	3970	4046	0.000492248974	0	0	3951	4046	0.000510672398	0	0	19	19	3952	4048	0.000492248974	0	0	3980	4003	0.000510672398	0	0	19	19	4037	4040	0.001573985799	0	0	3969	4016	0.001616513846	0	0
19	19	4045	4048	0.001573985799	0	0	3960	3968	0.001616513846	0	0	19	19	4025	3954	0.000492248974	0	0	3957	3999	0.000510672398	0	0	19	19	4035	4050	0.000492248974	0	0	3950	4004	0.000510672398	0	0	19	19	4036	4041	0.000696040779	0	0	4035	4038	0.000722091528	0	0	19	19	4025	3961	0.000696040779	0	0	4001	3967	0.000722091528	0	0	19	19	4033	4043	0.000492248974	0	0	3967	4039	0.000510672398	0	0	19	19	3989	3988	0.000492248974	0	0	3977	4037	0.000510672398	0	0	19	19	4024	3995	0.001573985799	0	0	4021	4045	0.001616513846	0	0
19	19	3967	3974	0.001573985799	0	0	4014	4031	0.001616513846	0	0	19	19	4036	3990	0.000492248974	0	0	3961	3958	0.000510672398	0	0	19	19	3986	4033	0.000492248974	0	0	3971	4029	0.000510672398	0	0	19	19	4016	3952	0.000696040779	0	0	4029	4043	0.000722091528	0	0	19	19	3999	4034	0.000696040779	0	0	3963	4026	0.000722091528	0	0	19	19	4043	4034	0.000492248974	0	0	3976	3971	0.000510672398	0	0	19	19	4002	3990	0.000492248974	0	0	3998	4050	0.000510672398	0	0	19	19	4011	4045	0.001573985799	0	0	3999	3994	0.001616513846	0	0
19	19	4028	4025	0.001573985799	0	0	3994	3955	0.001616513846	0	0	19	19	3958	4030	0.000492248974	0	0	4016	3953	0.000510672398	0	0	19	19	4006	4022	0.000492248974	0	0	3961	3971	0.000510672398	0	0	19	19	4031	3964	0.000696040779	0	0	4039	4043	0.000722091528	0	0	19	19	3951	3988	0.000696040779	0	0	3966	4004	0.000722091528	0	0	19	19	3960	3953	0.000492248974	0	0	4044	4048	0.000510672398	0	0	19	19	3986	4015	0.000492248974	0	0	3956	3970	0.000510672398	0	0	19	19	3953	3997	0.001573985799	0	0	3965	4050	0.001616513846	0	0
19	19	3993	4046	0.001573985799	0	0	4023	4008	0.001616513846	0	0	19	19	4004	4021	0.000492248974	0	0	3950	4029	0.000510672398	0	0	19	19	4043	3950	0.000492248974	0	0	4033	4027	0.000510672398	0	0	19	19	4050	3972	0.000696040779	0	0	4042	4014	0.000722091528	0	0	19	19	3960	3977	0.000696040779	0	0	4027	4031	0.000722091528	0	0	19	19	3960	3997	0.000492248974	0	0	3972	4043	0.000510672398	0	0	19	19	3982	4036	0.000492248974	0	0	3976	4038	0.000510672398	0	0	19	19	3969	4026	0.001573985799	0	0	3953	4014	0.001616513846	0	0
19	19	4007	3988	0.001573985799	0	0	3971	4030	0.001616513846	0	0	19	19	3964	3999	0.000492248974	0	0	3951	3968	0.000510672398	0	0	19	19	3999	4034	0.000492248974	0	0	3964	4023	0.000510672398	0	0	19	19	4019	3953	0.000696040779	0	0	3999	4048	0.000722091528	0	0	19	19	3961	4025	0.000696040779	0	0	4014	4010	0.000722091528	0	0	19	19	4000	4007	0.000492248974	0	0	3993	3957	0.000510672398	0	0	19	19	3979	4006	0.000492248974	0	0	4013	4044	0.000510672398	0	0	19	19	4048	3959	0.001573985799	0	0	4016	4010	0.001616513846	0	0
19	19	3997	3985	0.001573985799	0	0	3998	4017	0.001616513846	0	0	19	19	4046	3958	0.000492248974	0	0	4030	4009	0.000510672398	0	0	19	19	4042	3960	0.000492248974	0	0	3979	3955	0.000510672398	0	0	19	19	4000	4027	0.000696040779	0	0	3978	3972	0.000722091528	0	0	19	19	3983	3995	0.000696040779	0	0	4024	4001	0.000722091528	0	0	19	19	3988	4041	0.000492248974	0	0	4047	4013	0.000510672398	0	0	19	19	3963	4012	0.000492248974	0	0	3988	4050	0.000510672398	0	0	19	19	3978	4021	0.001573985799	0	0	4004	3969	0.001616513846	0	0
19	19	4019	3955	0.001573985799	0	0	3968	3954	0.001616513846	0	0	19	19	4039	4034	0.000492248974	0	0	3961	3991	0.000510672398	0	0	19	19	3962	4007	0.000492248974	0	0	4045	3975	0.000510672398	0	0	19	19	4049	3985	0.000696040779	0	0	3971	4017	0.000722091528	0	0	19	19	4048	4012	0.000696040779	0	0	3956	3987	0.000722091528	0	0	19	19	3966	3973	0.000492248974	0	0	3955	4041	0.000510672398	0	0	19	19	4030	3987	0.000492248974	0	0	4034	4026	0.000510672398	0	0	19	19	4012	3989	0.001573985799	0	0	3986	3958	0.001616513846	0	0
19	19	3984	4005	0.001573985799	0	0	3996	4015	0.001616513846	0	0	19	19	4001	4032	0.000492248974	0	0	3959	3996	0.000510672398	0	0	19	19	4009	3968	0.000492248974	0	0	4011	3955	0.000510672398	0	0	19	19	4008	4035	0.000696040779	0	0	4000	3994	0.000722091528	0	0	19	19	3965	3952	0.000696040779	0	0	4026	4030	0.000722091528	0	0	19	19	3979	3961	0.000492248974	0	0	3987	4033	0.000510672398	0	0	19	19	4035	4017	0.000492248974	0	0	4046	4045	0.000510672398	0	0	19	19	3961	4015	0.001573985799	0	0	3998	3956	0.001616513846	0	0
19	19	4040	4000	0.001573985799	0	0	4027	3956	0.001616513846	0	0	19	19	3976	4015	0.000492248974	0	0	3963	4014	0.000510672398	0	0	19	19	3988	4027	0.000492248974	0	0	4015	3988	0.000510672398	0	0	19	19	3980	3984	0.000696040779	0	0	4042	3996	0.000722091528	0	0	19	19	3994	3995	0.000696040779	0	0	4045	3972	0.000722091528	0	0	19	19	4039	3952	0.000492248974	0	0	3984	4027	0.000510672398	0	0	19	19	3984	4012	0.000492248974	0	0	3995	3951	0.000510672398	0	0	19	19	4010	4010	0.001573985799	0	0	4015	3984	0.001616513846	0	0
19	19	3999	4020	0.001573985799	0	0	4039	3955	0.001616513846	0	0	19	19	3959	4015	0.000492248974	0	0	4027	4049	0.000510672398	0	0	19	19	3962	3986	0.000492248974	0	0	4018	3987	0.000510672398	0	0	19	19	4037	3979	0.000696040779	0	0	3963	4017	0.000722091528	0	0	19	19	3970	4037	0.000696040779	0	0	4025	3992	0.000722091528	0	0	19	19	3950	3965	0.000492248974	0	0	3977	4038	0.000510672398	0	0	19	19	4010	3982	0.000492248974	0	0	3978	3993	0.000510672398	0	0	19	19	4041	4043	0.001573985799	0	0	4001	4013	0.001616513846	0	0
19	19	4022	3952	0.001573985799	0	0	4008	3954	0.001616513846	0	0	19	19	3992	3997	0.000492248974	0	0	3952	3956	0.000510672398	0	0	19	19	4043	4003	0.000492248974	0	0	3987	3986	0.000510672398	0	0	19	19	3965	3965	0.000696040779	0	0	3985	3983	0.000722091528	0	0	19	19	4029	3999	0.000696040779	0	0	3996	3963	0.000722091528	0	0	19	19	4039	4018	0.000492248974	0	0	4034	4016	0.000510672398	0	0	19	19	4049	4048	0.000492248974	0	0	3975	4013	0.000510672398	0	0	19	19	4023	4000	0.001573985799	0	0	4035	3969	0.001616513846	0	0
19	19	3962	3950	0.001573985799	0	0	3965	4003	0.001616513846	0	0	19	19	4001	3988	0.000492248974	0	0	3981	3950	0.000510672398	0	0	19	19	4032	4014	0.000492248974	0	0	3995	3974	0.000510672398	0	0	19	19	4031	4033	0.000696040779	0	0	4036	3997	0.000722091528	0	0	19	19	4048	4034	0.000696040779	0	0	3957	3973	0.000722091528	0	0	19	19	4032	3990	0.000492248974	0	0	3997	4046	0.000510672398	0	0	19	19	4047	4027	0.000492248974	0	0	4008	4042	0.000510672398	0	0	19	19	4000	3966	0.001573985799	0	0	3982	3979	0.001616513846	0	0
19	19	4006	3956	0.001573985799	0	0	3956	3966	0.001616513846	0	0	19	19	4045	4031	0.000492248974	0	0	4021	4047	0.000510672398	0	0	19	19	4050	4049	0.000492248974	0	0	3965	4046	0.000510672398	0	0	19	19	4003	3957	0.000696040779	0	0	3981	4040	0.000722091528	0	0	19	19	4034	3950	0.000696040779	0	0	4014	4031	0.000722091528	0	0	19	19	3974	3956	0.000492248974	0	0	3976	3960	0.000510672398	0	0	19	19	3998	3992	0.000492248974	0	0	3988	4039	0.000510672398	0	0	19	19	3992	3978	0.001573985799	0	0	3954	3972	0.001616513846	0	0
19	19	3974	3952	0.001573985799	0	0	4020	3950	0.001616513846	0	0	19	19	4011	3991	0.000492248974	0	0	3975	4015	0.000510672398	0	0	19	19	3982	3960	0.000492248974	0	0	4004	3966	0.000510672398	0	0	19	19	4039	4017	0.000696040779	0	0	4035	4027	0.000722091528	0	0	19	19	4031	4013	0.000696040779	0	0	4021	4019	0.000722091528	0	0	19	19	3982	4003	0.000492248974	0	0	4038	3955	0.000510672398	0	0	19	19	4000	3993	0.000492248974	0	0	4041	4013	0.000510672398	0	0	19	19	4049	4009	0.001573985799	0	0	4034	3997	0.001616513846	0	0
19	19	4005	3968	0.001573985799	0	0	4014	4047	0.001616513846	0	0	19	19	4003	3998	0.000492248974	0	0	4030	3959	0.000510672398	0	0	19	19	4038	3950	0.000492248974	0	0	4001	4018	0.000510672398	0	0	19	19	4007	3998	0.000696040779	0	0	3982	4010	0.000722091528	0	0	19	19	4042	4018	0.000696040779	0	0	4045	3960	0.000722091528	0	0	19	19	4001	3961	0.000492248974	0	0	4005	4019	0.000510672398	0	0	19	19	3964	4028	0.000492248974	0	0	3990	4040	0.000510672398	0	0	19	19	3981	3956	0.001573985799	0	0	3972	3958	0.001616513846	0	0
19	19	4045	3951	0.001573985799	0	0	3961	3951	0.001616513846	0	0	19	19	3971	3951	0.000492248974	0	0	4014	4002	0.000510672398	0	0	19	19	3974	3969	0.000492248974	0	0	3959	3987	0.000510672398	0	0	19	19	3950	4010	0.000696040779	0	0	3998	3981	0.000722091528	0	0	19	19	4025	4034	0.000696040779	0	0	3976	4001	0.000722091528	0	0	19	19	3995	3984	0.000492248974	0	0	4034	4049	0.000510672398	0	0	19	19	4013	3968	0.000492248974	0	0	3962	4008	0.000510672398	0	0	19	19	3983	3977	0.001573985799	0	0	4005	3968	0.001616513846	0	0
19	19	4018	3955	0.001573985799	0	0	3953	3978	0.001616513846	0	0	19	19	3957	4040	0.000492248974	0	0	4035	3989	0.000510672398	0	0	19	19	3967	3993	0.000492248974	0	0	3992	4023	0.000510672398	0	0	19	19	3991	4046	0.000696040779	0	0	4042	4046	0.000722091528	0	0	19	19	3984	3979	0.000696040779	0	0	4039	3971	0.000722091528	0	0	19	19	3963	4002	0.000492248974	0	0	4041	3990	0.000510672398	0	0	19	19	3971	3957	0.000492248974	0	0	4044	4010	0.000510672398	0	0	19	19	3988	4017	0.001573985799	0	0	4030	3983	0.001616513846	0	0
19	19	4019	3970	0.001573985799	0	0	4046	4021	0.001616513846	0	0	19	19	3966	3994	0.000492248974	0	0	4013	4043	0.000510672398	0	0	19	19	4003	4013	0.000492248974	0	0	4018	4043	0.000510672398	0	0	19	19	3965	3990	0.000696040779	0	0	3981	4020	0.000722091528	0	0	19	19	4039	3999	0.000696040779	0	0	4031	3982	0.000722091528	0	0	19	19	4005	3989	0.000492248974	0	0	4040	4018	0.000510672398	0	0	19	19	4033	3961	0.000492248974	0	0	3978	4027	0.000510672398	0	0	19	19	3971	3953	0.001573985799	0	0	3994	4044	0.001616513846	0	0
19	19	3976	4007	0.001573985799	0	0	3986	3952	0.001616513846	0	0	19	19	4000	4033	0.000492248974	0	0	3976	3954	0.000510672398	0	0	19	19	3974	4016	0.000492248974	0	0	3983	4016	0.000510672398	0	0	19	19	3951	4022	0.000696040779	0	0	3989	3953	0.000722091528	0	0	19	19	3991	4022	0.000696040779	0	0	4043	4049	0.000722091528	0	0	19	19	4049	4040	0.000492248974	0	0	4037	4030	0.000510672398	0	0	19	19	4006	3992	0.000492248974	0	0	3962	4016	0.000510672398	0	0	19	19	4037	3977	0.001573985799	0	0	4034	3957	0.001616513846	0	0
19	19	3988	3977	0.001573985799	0	0	3965	4013	0.001616513846	0	0	19	19	3981	4046	0.000492248974	0	0	4000	4024	0.000510672398	0	0	19	19	3951	4011	0.000492248974	0	0	4008	4031	0.000510672398	0	0	19	19	4016	4038	0.000696040779	0	0	4041	3965	0.000722091528	0	0	19	19	3969	4029	0.000696040779	0	0	3956	3989	0.000722091528	0	0	19	19	3980	4024	0.000492248974	0	0	3960	4030	0.000510672398	0	0	19	19	4029	4003	0.000492248974	0	0	3975	3957	0.000510672398	0	0	19	19	4013	3952	0.001573985799	0	0	3956	3963	0.001616513846	0	0
19	19	3995	4017	0.001573985799	0	0	4036	4000	0.001616513846	0	0	19	19	3954	3981	0.000492248974	0	0	4014	4029	0.000510672398	0	0	19	19	3979	4000	0.000492248974	0	0	4032	4010	0.000510672398	0	0	19	19	4004	3983	0.000696040779	0	0	3991	4030	0.000722091528	0	0	19	19	3984	3996	0.000696040779	0	0	3987	4018	0.000722091528	0	0	19	19	4007	4015	0.000492248974	0	0	3999	3990	0.000510672398	0	0	19	19	3998	3956	0.000492248974	0	0	3991	4047	0.000510672398	0	0	19	19	4028	4023	0.001573985799	0	0	4027	4026	0.001616513846	0	0
19	19	4035	4027	0.001573985799	0	0	4048	3961	0.001616513846	0	0	19	19	3990	3999	0.000492248974	0	0	3976	3953	0.000510672398	0	0	19	19	4048	4023	0.000492248974	0	0	3964	3964	0.000510672398	0	0	19	19	4021	3988	0.000696040779	0	0	3957	3991	0.000722091528	0	0	19	19	3964	4030	0.000696040779	0	0	4043	3950	0.000722091528	0	0	19	19	4015	4018	0.000492248974	0	0	3975	4035	0.000510672398	0	0	19	19	3979	3952	0.000492248974	0	0	3959	4030	0.000510672398	0	0	19	19	4021	4029	0.001573985799	0	0	4013	4033	0.001616513846	0	0
19	19	3953	3990	0.001573985799	0	0	3975	3998	0.001616513846	0	0	19	19	4038	3978	0.000492248974	0	0	4010	3952	0.000510672398	0	0	19	19	3965	4034	0.000492248974	0	0	3969	4033	0.000510672398	0	0	19	19	3984	4017	0.000696040779	0	0	3955	4024	0.000722091528	0	0	19	19	4000	4045	0.000696040779	0	0	3979	3988	0.000722091528	0	0	19	19	3961	4047	0.000492248974	0	0	3993	3958	0.000510672398	0	0	19	19	4022	4001	0.000492248974	0	0	3983	4026	0.000510672398	0	0	19	19	4034	3975	0.001573985799	0	0	4003	3993	0.001616513846	0	0
19	19	3965	4010	0.001573985799	0	0	4044	3960	0.001616513846	0	0	19	19	4040	4005	0.000492248974	0	0	3993	3965	0.000510672398	0	0	19	19	3975	3995	0.000492248974	0	0	4003	3985	0.000510672398	0	0	19	19	4028	4039	0.000696040779	0	0	4024	3991	0.000722091528	0	0	19	19	4011	4014	0.000696040779	0	0	3962	4000	0.000722091528	0	0	19	19	3981	4008	0.000492248974	0	0	4045	3993	0.000510672398	0	0	19	19	3953	4043	0.000492248974	0	0	4043	3986	0.000510672398	0	0	19	19	3976	4029	0.001573985799	0	0	4001	4006	0.001616513846	0	0
19	19	4019	3959	0.001573985799	0	0	4038	4045	0.001616513846	0	0	19	19	3959	4035	0.000492248974	0	0	4041	3951	0.000510672398	0	0	19	19	4002	4015	0.000492248974	0	0	3988	4015	0.000510672398	0	0	19	19	4027	4008	0.000696040779	0	0	4013	3978	0.000722091528	0	0	19	19	4034	3993	0.000696040779	0	0	4013	4034	0.000722091528	0	0	19	19	3977	3990	0.000492248974	0	0	4005	3994	0.000510672398	0	0	19	19	3959	4025	0.000492248974	0	0	3953	3993	0.000510672398	0	0	19	19	3953	4048	0.001573985799	0	0	4002	4041	0.001616513846	0	0
19	19	3988	4039	0.001573985799	0	0	3975	4041	0.001616513846	0	0	19	19	4040	3990	0.000492248974	0	0	4013	4007	0.000510672398	0	0	19	19	4040	3971	0.000492248974	0	0	3950	4038	0.000510672398	0	0	19	19	3973	3974	0.000696040779	0	0	4014	3980	0.000722091528	0	0	19	19	4033	4039	0.000696040779	0	0	4045	3989	0.000722091528	0	0	19	19	4030	3965	0.000492248974	0	0	4013	4020	0.000510672398	0	0	19	19	3958	4003	0.000492248974	0	0	4039	3976	0.000510672398	0	0	19	19	3973	4034	0.001573985799	0	0	4000	3965	0.001616513846	0	0
19	19	3973	4016	0.001573985799	0	0	4006	3979	0.001616513846	0	0	19	19	4012	4022	0.000492248974	0	0	3978	3991	0.000510672398	0	0	19	19	3986	4028	0.000492248974	0	0	3963	4041	0.000510672398	0	0	19	19	3979	4000	0.000696040779	0	0	4029	4018	0.000722091528	0	0	19	19	3965	4020	0.000696040779	0	0	3963	4045	0.000722091528	0	0	19	19	4039	4002	0.000492248974	0	0	4018	4048	0.000510672398	0	0	19	19	3962	4025	0.000492248974	0	0	4033	4028	0.000510672398	0	0	19	19	3969	3993	0.001573985799	0	0	3951	3982	0.001616513846	0	0
19	19	3963	3995	0.001573985799	0	0	4007	4029	0.001616513846	0	0	19	19	3992	4003	0.000492248974	0	0	4043	4040	0.000510672398	0	0	19	19	4005	4041	0.000492248974	0	0	3955	4031	0.000510672398	0	0	19	19	3983	3973	0.000696040779	0	0	4033	3985	0.000722091528	0	0	19	19	3966	3952	0.000696040779	0	0	4046	4018	0.000722091528	0	0	19	19	4036	4044	0.000492248974	0	0	4018	4042	0.000510672398	0	0	19	19	3975	4039	0.000492248974	0	0	4042	3980	0.000510672398	0	0	19	19	3957	4027	0.001573985799	0	0	3958	4023	0.001616513846	0	0
19	19	3995	4015	0.001573985799	0	0	3967	4003	0.001616513846	0	0	19	19	4014	3951	0.000492248974	0	0	3997	4039	0.000510672398	0	0	19	19	3961	3994	0.000492248974	0	0	4016	3979	0.000510672398	0	0	19	19	4045	4020	0.000696040779	0	0	3970	4006	0.000722091528	0	0	19	19	4038	4006	0.000696040779	0	0	4025	4040	0.000722091528	0	0	19	19	4035	3963	0.000492248974	0	0	3969	3965	0.000510672398	0	0	19	19	3952	3950	0.000492248974	0	0	4010	4011	0.000510672398	0	0	19	19	4042	4024	0.001573985799	0	0	3980	4000	0.001616513846	0	0
19	19	3976	4024	0.001573985799	0	0	3961	4025	0.001616513846	0	0	19	19	4031	4025	0.000492248974	0	0	3984	4009	0.000510672398	0	0	19	19	3997	3958	0.000492248974	0	0	4033	4019	0.000510672398	0	0	19	19	3976	4047	0.000696040779	0	0	3968	3980	0.000722091528	0	0	19	19	3991	3973	0.000696040779	0	0	3969	4021	0.000722091528	0	0	19	19	3968	4002	0.000492248974	0	0	3979	3996	0.000510672398	0	0	19	19	4043	3971	0.000492248974	0	0	3950	4041	0.000510672398	0	0	19	19	4018	4002	0.001573985799	0	0	4002	3960	0.001616513846	0	0
19	19	4050	3986	0.001573985799	0	0	4013	3989	0.001616513846	0	0	19	19	3950	4005	0.000492248974	0	0	4001	3974	0.000510672398	0	0	19	19	3954	4035	0.000492248974	0	0	3954	3981	0.000510672398	0	0	19	19	4029	4048	0.000696040779	0	0	4009	4028	0.000722091528	0	0	19	19	4023	4015	0.000696040779	0	0	4017	4044	0.000722091528	0	0	19	19	4004	3990	0.000492248974	0	0	4017	3994	0.000510672398	0	0	19	19	3963	3994	0.000492248974	0	0	4005	3989	0.000510672398	0	0	19	19	3990	4025	0.001573985799	0	0	4002	3999	0.001616513846	0	0
19	19	3958	3975	0.001573985799	0	0	3995	4014	0.001616513846	0	0	19	19	4021	4050	0.000492248974	0	0	4044	3959	0.000510672398	0	0	19	19	4046	3966	0.000492248974	0	0	4048	4010	0.000510672398	0	0	19	19	3974	3957	0.000696040779	0	0	3980	4032	0.000722091528	0	0	19	19	3957	3985	0.000696040779	0	0	3963	3965	0.000722091528	0	0	19	19	3956	4020	0.000492248974	0	0	3958	4012	0.000510672398	0	0	19	19	3967	4015	0.000492248974	0	0	4000	3978	0.000510672398	0	0	19	19	4033	4032	0.001573985799	0	0	4044	3950	0.001616513846	0	0
19	19	4014	3950	0.001573985799	0	0	3960	3960	0.001616513846	0	0	19	19	3987	3974	0.000492248974	0	0	3984	3975	0.000510672398	0	0	19	19	3989	3992	0.000492248974	0	0	4014	4029	0.000510672398	0	0	19	19	3977	4035	0.000696040779	0	0	4024	4033	0.000722091528	0	0	19	19	3968	3956	0.000696040779	0	0	4011	4020	0.000722091528	0	0	19	19	3961	3959	0.000492248974	0	0	4010	4032	0.000510672398	0	0	19	19	4032	3959	0.000492248974	0	0	4023	4041	0.000510672398	0	0	19	19	3995	3957	0.001573985799	0	0	3974	4023	0.001616513846	0	0
19	19	3954	3992	0.001573985799	0	0	4004	4046	0.001616513846	0	0	19	19	3971	3961	0.000492248974	0	0	4015	3960	0.000510672398	0	0	19	19	4049	3975	0.000492248974	0	0	4011	4032	0.000510672398	0	0	19	19	4033	3999	0.000696040779	0	0	4026	4042	0.000722091528	0	0	19	19	4040	3971	0.000696040779	0	0	4005	4029	0.000722091528	0	0	19	19	3969	4025	0.000492248974	0	0	3998	4008	0.000510672398	0	0	19	19	3976	3958	0.000492248974	0	0	3980	4042	0.000510672398	0	0	19	19	3997	3977	0.001573985799	0	0	4027	4027	0.001616513846	0	0
19	19	3952	4038	0.001573985799	0	0	4030	3982	0.001616513846	0	0	19	19	4017	3979	0.000492248974	0	0	4043	3978	0.000510672398	0	0	19	19	3967	4025	0.000492248974	0	0	3998	4015	0.000510672398	0	0	19	19	4047	3981	0.000696040779	0	0	3957	4029	0.000722091528	0	0	19	19	3986	4009	0.000696040779	0	0	3968	3957	0.000722091528	0	0	19	19	3965	4033	0.000492248974	0	0	3980	3988	0.000510672398	0	0	19	19	4015	4032	0.000492248974	0	0	4027	3987	0.000510672398	0	0	19	19	3969	4015	0.001573985799	0	0	3950	3978	0.001616513846	0	0
19	19	4014	4009	0.001573985799	0	0	3982	4049	0.001616513846	0	0	19	19	3962	4024	0.000492248974	0	0	3965	3993	0.000510672398	0	0	19	19	4034	3986	0.000492248974	0	0	3957	4006	0.000510672398	0	0	19	19	3977	3963	0.000696040779	0	0	4020	3999	0.000722091528	0	0	19	19	3968	3960	0.000696040779	0	0	3970	3963	0.000722091528	0	0	19	19	3982	4046	0.000492248974	0	0	4003	3975	0.000510672398	0	0	19	19	3994	4017	0.000492248974	0	0	4005	4011	0.000510672398	0	0	19	19	4037	3988	0.001573985799	0	0	4025	3965	0.001616513846	0	0
19	19	3955	3984	0.001573985799	0	0	4032	3988	0.001616513846	0	0	19	19	4048	4011	0.000492248974	0	0	3984	4043	0.000510672398	0	0	19	19	4040	4035	0.000492248974	0	0	3975	3978	0.000510672398	0	0	19	19	4028	4020	0.000696040779	0	0	3999	4047	0.000722091528	0	0	19	19	3998	4050	0.000696040779	0	0	3999	4000	0.000722091528	0	0	19	19	4027	3989	0.000492248974	0	0	3995	3963	0.000510672398	0	0	19	19	4026	4007	0.000492248974	0	0	4015	4030	0.000510672398	0	0	19	19	3972	4036	0.001573985799	0	0	4041	3979	0.001616513846	0	0
19	19	4023	3984	0.001573985799	0	0	3977	3967	0.001616513846	0	0	19	19	4017	4004	0.000492248974	0	0	4033	3977	0.000510672398	0	0	19	19	3967	3993	0.000492248974	0	0	3998	4029	0.000510672398	0	0	19	19	3963	3955	0.000696040779	0	0	4013	3952	0.000722091528	0	0	19	19	3963	4020	0.000696040779	0	0	4002	4004	0.000722091528	0	0	19	19	4031	4030	0.000492248974	0	0	4000	3977	0.000510672398	0	0	19	19	3962	4039	0.000492248974	0	0	4047	4045	0.000510672398	0	0	19	19	4014	3959	0.001573985799	0	0	3957	3968	0.001616513846	0	0
19	19	3953	4023	0.001573985799	0	0	3964	4014	0.001616513846	0	0	19	19	4029	4007	0.000492248974	0	0	3988	4032	0.000510672398	0	0	19	19	3980	3982	0.000492248974	0	0	4029	4000	0.000510672398	0	0	19	19	3976	4023	0.000696040779	0	0	3966	4043	0.000722091528	0	0	19	19	3972	3958	0.000696040779	0	0	3957	4027	0.000722091528	0	0	19	19	4032	4024	0.000492248974	0	0	4026	4047	0.000510672398	0	0	19	19	3997	4029	0.000492248974	0	0	3992	4045	0.000510672398	0	0	19	19	3950	4049	0.001573985799	0	0	4007	3984	0.001616513846	0	0
19	19	4006	3980	0.001573985799	0	0	3966	4017	0.001616513846	0	0	19	19	4019	4030	0.000492248974	0	0	3985	3975	0.000510672398	0	0	19	19	3984	3983	0.000492248974	0	0	4043	4026	0.000510672398	0	0	19	19	3979	4011	0.000696040779	0	0	4027	4035	0.000722091528	0	0	19	19	4041	4010	0.000696040779	0	0	3956	3972	0.000722091528	0	0	19	19	4037	3991	0.000492248974	0	0	4016	4029	0.000510672398	0	0	19	19	3975	4005	0.000492248974	0	0	3973	3950	0.000510672398	0	0	19	19	4027	3952	0.001573985799	0	0	3989	3975	0.001616513846	0	0
19	19	3970	4016	0.001573985799	0	0	4042	3950	0.001616513846	0	0	19	19	4025	4030	0.000492248974	0	0	4041	4048	0.000510672398	0	0	19	19	3962	4002	0.000492248974	0	0	4033	4014	0.000510672398	0	0	19	19	4046	4045	0.000696040779	0	0	4047	3956	0.000722091528	0	0	19	19	3994	3982	0.000696040779	0	0	3963	3963	0.000722091528	0	0	19	19	4031	4003	0.000492248974	0	0	4045	4049	0.000510672398	0	0	19	19	3991	3987	0.000492248974	0	0	3972	3995	0.000510672398	0	0	19	19	3976	3996	0.001573985799	0	0	3993	3976	0.001616513846	0	0
19	19	3963	3992	0.001573985799	0	0	4001	3982	0.001616513846	0	0	19	19	4019	3994	0.000492248974	0	0	3994	4030	0.000510672398	0	0	19	19	4032	4025	0.000492248974	0	0	4029	4000	0.000510672398	0	0	19	19	4006	4013	0.000696040779	0	0	3959	3974	0.000722091528	0	0	19	19	4012	3980	0.000696040779	0	0	4027	3976	0.000722091528	0	0	19	19	3953	3979	0.000492248974	0	0	4006	4047	0.000510672398	0	0	19	19	4019	4022	0.000492248974	0	0	4006	4003	0.000510672398	0	0	19	19	4038	3989	0.001573985799	0	0	3996	3971	0.001616513846	0	0
19	19	4026	4005	0.001573985799	0	0	3986	4020	0.001616513846	0	0	19	19	3961	3950	0.000492248974	0	0	4010	4016	0.000510672398	0	0	19	19	4008	4041	0.000492248974	0	0	4014	4003	0.000510672398	0	0	19	19	3976	3955	0.000696040779	0	0	4023	3966	0.000722091528	0	0	19	19	3978	3976	0.000696040779	0	0	4005	4004	0.000722091528	0	0	19	19	4029	4037	0.000492248974	0	0	4029	4047	0.000510672398	0	0	19	19	3968	4043	0.000492248974	0	0	3954	3974	0.000510672398	0	0	19	19	3950	4017	0.001573985799	0	0	4041	4007	0.001616513846	0	0
19	19	3965	4000	0.001573985799	0	0	4007	3969	0.001616513846	0	0	19	19	3982	4022	0.000492248974	0	0	4005	3964	0.000510672398	0	0	19	19	3988	3990	0.000492248974	0	0	4008	3951	0.000510672398	0	0	19	19	4008	4044	0.000696040779	0	0	3960	4023	0.000722091528	0	0	19	19	4048	4011	0.000696040779	0	0	4022	3980	0.000722091528	0	0	19	19	3996	3954	0.000492248974	0	0	3988	3986	0.000510672398	0	0	19	19	3979	4032	0.000492248974	0	0	3995	4031	0.000510672398	0	0	19	19	4029	3978	0.001573985799	0	0	3956	3955	0.001616513846	0	0
19	19	4014	3992	0.001573985799	0	0	4041	3992	0.001616513846	0	0	19	19	3965	4004	0.000492248974	0	0	4044	4016	0.000510672398	0	0	19	19	3989	3976	0.000492248974	0	0	4035	4045	0.000510672398	0	0	19	19	3988	3956	0.000696040779	0	0	3968	4008	0.000722091528	0	0	19	19	3968	3979	0.000696040779	0	0	3996	3985	0.000722091528	0	0	19	19	3982	3996	0.000492248974	0	0	3973	3952	0.000510672398	0	0	19	19	4016	3966	0.000492248974	0	0	4031	3991	0.000510672398	0	0	19	19	3983	4025	0.001573985799	0	0	4025	3967	0.001616513846	0	0
19	19	3961	3967	0.001573985799	0	0	4013	4035	0.001616513846	0	0	19	19	4001	3966	0.000492248974	0	0	4022	4041	0.000510672398	0	0	19	19	3972	4037	0.000492248974	0	0	3971	4034	0.000510672398	0	0	19	19	4036	4002	0.000696040779	0	0	3998	4039	0.000722091528	0	0	19	19	3956	4001	0.000696040779	0	0	4012	4024	0.000722091528	0	0	19	19	3973	3952	0.000492248974	0	0	3964	4027	0.000510672398	0	0	19	19	4047	3989	0.000492248974	0	0	4050	3982	0.000510672398	0	0	19	19	3963	3988	0.001573985799	0	0	4006	4014	0.001616513846	0	0
19	19	4004	3981	0.001573985799	0	0	3966	3965	0.001616513846	0	0	19	19	3963	4021	0.000492248974	0	0	3996	3961	0.000510672398	0	0	19	19	4020	3968	0.000492248974	0	0	4031	4001	0.000510672398	0	0	19	19	4005	3970	0.000696040779	0	0	4029	4003	0.000722091528	0	0	19	19	4007	3992	0.000696040779	0	0	4022	3957	0.000722091528	0	0	19	19	4010	4037	0.000492248974	0	0	3995	4015	0.000510672398	0	0	19	19	3980	4011	0.000492248974	0	0	3978	4030	0.000510672398	0	0	19	19	4030	4046	0.001573985799	0	0	3994	3996	0.001616513846	0	0
19	19	4010	4035	0.001573985799	0	0	3953	3968	0.001616513846	0	0	19	19	4045	4045	0.000492248974	0	0	3995	4031	0.000510672398	0	0	19	19	4043	4017	0.000492248974	0	0	3987	3990	0.000510672398	0	0	19	19	3994	4018	0.000696040779	0	0	3996	4046	0.000722091528	0	0	19	19	3985	3984	0.000696040779	0	0	4040	4005	0.000722091528	0	0	19	19	4025	3962	0.000492248974	0	0	3995	3957	0.000510672398	0	0	19	19	4016	4021	0.000492248974	0	0	4042	4016	0.000510672398	0	0	19	19	4019	4036	0.001573985799	0	0	3997	3996	0.001616513846	0	0
19	19	4031	4033	0.001573985799	0	0	3969	3952	0.001616513846	0	0	19	19	3955	3964	0.000492248974	0	0	3967	4013	0.000510672398	0	0	19	19	3952	3997	0.000492248974	0	0	4018	3961	0.000510672398	0	0	19	19	3973	3979	0.000696040779	0	0	3967	3982	0.000722091528	0	0	19	19	4030	3980	0.000696040779	0	0	4028	4005	0.000722091528	0	0	19	19	4006	4023	0.000492248974	0	0	4028	4040	0.000510672398	0	0	19	19	3963	4030	0.000492248974	0	0	3969	3952	0.000510672398	0	0	19	19	3962	3963	0.001573985799	0	0	3962	4044	0.001616513846	0	0
19	19	3977	4045	0.001573985799	0	0	4014	4038	0.001616513846	0	0	19	19	3987	3973	0.000492248974	0	0	3968	4005	0.000510672398	0	0	19	19	3975	3980	0.000492248974	0	0	3951	4009	0.000510672398	0	0	19	19	4047	4035	0.000696040779	0	0	3950	4014	0.000722091528	0	0	19	19	3986	3961	0.000696040779	0	0	4004	3992	0.000722091528	0	0	19	19	4002	4039	0.000492248974	0	0	3965	3993	0.000510672398	0	0	19	19	3955	3988	0.000492248974	0	0	4022	3959	0.000510672398	0	0	19	19	4017	3979	0.001573985799	0	0	4010	3965	0.001616513846	0	0
19	19	3994	3951	0.001573985799	0	0	3973	3976	0.001616513846	0	0	19	19	4001	3971	0.000492248974	0	0	3984	4025	0.000510672398	0	0	19	19	3991	3955	0.000492248974	0	0	3989	3997	0.000510672398	0	0	19	19	4033	3980	0.000696040779	0	0	4033	4007	0.000722091528	0	0	19	19	3955	3976	0.000696040779	0	0	4009	3998	0.000722091528	0	0	19	19	3970	3974	0.000492248974	0	0	4028	4012	0.000510672398	0	0	19	19	3964	4022	0.000492248974	0	0	3990	3996	0.000510672398	0	0	19	19	4021	3990	0.001573985799	0	0	3951	3957	0.001616513846	0	0
19	19	4009	3995	0.001573985799	0	0	4043	3959	0.001616513846	0	0	19	19	3987	4005	0.000492248974	0	0	3961	4041	0.000510672398	0	0	19	19	4013	4041	0.000492248974	0	0	4013	3951	0.000510672398	0	0	19	19	3981	3961	0.000696040779	0	0	4013	3956	0.000722091528	0	0	19	19	4018	3998	0.000696040779	0	0	3980	4002	0.000722091528	0	0	19	19	4021	4032	0.000492248974	0	0	3981	3981	0.000510672398	0	0	19	19	3984	4017	0.000492248974	0	0	4036	4026	0.000510672398	0	0	19	19	4038	4037	0.001573985799	0	0	3967	4035	0.001616513846	0	0
19	19	4046	4027	0.001573985799	0	0	4038	3956	0.001616513846	0	0	19	19	4015	3982	0.000492248974	0	0	4014	4038	0.000510672398	0	0	19	19	3987	4027	0.000492248974	0	0	3966	4002	0.000510672398	0	0	19	19	4013	4022	0.000696040779	0	0	3980	3976	0.000722091528	0	0	19	19	4042	4012	0.000696040779	0	0	3959	4013	0.000722091528	0	0	19	19	3969	4028	0.000492248974	0	0	4037	3983	0.000510672398	0	0	19	19	3963	4027	0.000492248974	0	0	3982	3975	0.000510672398	0	0	19	19	3970	3956	0.001573985799	0	0	4005	3990	0.001616513846	0	0
19	19	4025	3999	0.001573985799	0	0	3988	3956	0.001616513846	0	0	19	19	3971	4004	0.000492248974	0	0	3991	4040	0.000510672398	0	0	19	19	3955	3994	0.000492248974	0	0	4004	3963	0.000510672398	0	0	19	19	4004	4036	0.000696040779	0	0	3969	3965	0.000722091528	0	0	19	19	3956	4016	0.000696040779	0	0	3951	3979	0.000722091528	0	0	19	19	4048	4027	0.000492248974	0	0	3974	4018	0.000510672398	0	0	19	19	3963	4013	0.000492248974	0	0	4036	4040	0.000510672398	0	0	19	19	3985	3999	0.001573985799	0	0	4018	4021	0.001616513846	0	0
19	19	3996	3986	0.001573985799	0	0	3978	3957	0.001616513846	0	0	19	19	3994	3966	0.000492248974	0	0	3990	4042	0.000510672398	0	0	19	19	4001	4042	0.000492248974	0	0	3959	4050	0.000510672398	0	0	19	19	3959	3981	0.000696040779	0	0	4029	4010	0.000722091528	0	0	19	19	3997	3980	0.000696040779	0	0	3963	3979	0.000722091528	0	0	19	19	3966	3982	0.000492248974	0	0	3961	4034	0.000510672398	0	0	19	19	4048	3972	0.000492248974	0	0	4021	3953	0.000510672398	0	0	19	19	4012	4017	0.001573985799	0	0	3953	3950	0.001616513846	0	0
19	19	3964	4037	0.001573985799	0	0	3977	4003	0.001616513846	0	0	19	19	4002	4007	0.000492248974	0	0	3983	3991	0.000510672398	0	0	19	19	3991	4049	0.000492248974	0	0	3955	3990	0.000510672398	0	0	19	19	4029	4010	0.000696040779	0	0	3981	4041	0.000722091528	0	0	19	19	3959	3982	0.000696040779	0	0	4039	4016	0.000722091528	0	0	19	19	4019	3997	0.000492248974	0	0	3964	4046	0.000510672398	0	0	19	19	4039	3994	0.000492248974	0	0	4034	3982	0.000510672398	0	0	19	19	3987	4030	0.001573985799	0	0	3960	4046	0.001616513846	0	0
19	19	3950	3979	0.001573985799	0	0	3954	3994	0.001616513846	0	0	19	19	4029	4042	0.000492248974	0	0	4003	4031	0.000510672398	0	0	19	19	4006	4025	0.000492248974	0	0	3950	3998	0.000510672398	0	0	19	19	3975	3981	0.000696040779	0	0	4047	3971	0.000722091528	0	0	19	19	4002	3972	0.000696040779	0	0	4007	4050	0.000722091528	0	0	19	19	3963	4046	0.000492248974	0	0	3962	3968	0.000510672398	0	0	19	19	4015	3962	0.000492248974	0	0	3958	4016	0.000510672398	0	0	19	19	3952	4049	0.001573985799	0	0	4004	3987	0.001616513846	0	0
19	19	4021	4045	0.001573985799	0	0	3988	4019	0.001616513846	0	0	19	19	4010	4028	0.000492248974	0	0	4009	3987	0.000510672398	0	0	19	19	4035	3972	0.000492248974	0	0	4030	4050	0.000510672398	0	0	19	19	3978	4021	0.000696040779	0	0	4017	3991	0.000722091528	0	0	19	19	4000	4045	0.000696040779	0	0	4046	4024	0.000722091528	0	0	19	19	3988	3954	0.000492248974	0	0	4008	4007	0.000510672398	0	0	19	19	3985	4038	0.000492248974	0	0	4013	4013	0.000510672398	0	0	19	19	3979	3957	0.001573985799	0	0	3979	3973	0.001616513846	0	0
19	19	3984	4035	0.001573985799	0	0	3966	3965	0.001616513846	0	0	19	19	4001	4010	0.000492248974	0	0	3966	4014	0.000510672398	0	0	19	19	4035	4029	0.000492248974	0	0	3976	3981	0.000510672398	0	0	19	19	3968	3995	0.000696040779	0	0	3982	3978	0.000722091528	0	0	19	19	4044	3990	0.000696040779	0	0	3988	4009	0.000722091528	0	0	19	19	3956	3970	0.000492248974	0	0	4023	4008	0.000510672398	0	0	19	19	3970	4035	0.000492248974	0	0	3992	4005	0.000510672398	0	0	19	19	4003	3968	0.001573985799	0	0	3958	3996	0.001616513846	0	0
19	19	3953	3993	0.001573985799	0	0	4006	4014	0.001616513846	0	0	19	19	3953	4021	0.000492248974	0	0	3967	4009	0.000510672398	0	0	19	19	4011	4028	0.000492248974	0	0	3955	4036	0.000510672398	0	0	19	19	3988	3990	0.000696040779	0	0	3982	4006	0.000722091528	0	0	19	19	3979	3986	0.000696040779	0	0	3985	4013	0.000722091528	0	0	19	19	4017	4050	0.000492248974	0	0	4045	3985	0.000510672398	0	0	19	19	3969	4042	0.000492248974	0	0	3979	4005	0.000510672398	0	0	19	19	4042	3959	0.001573985799	0	0	3976	3993	0.001616513846	0	0
19	19	4008	4040	0.001573985799	0	0	3972	4047	0.001616513846	0	0	19	19	3993	4029	0.000492248974	0	0	4003	3983	0.000510672398	0	0	19	19	3993	4022	0.000492248974	0	0	4042	4039	0.000510672398	0	0	19	19	3963	3962	0.000696040779	0	0	4040	4015	0.000722091528	0	0	19	19	3954	4000	0.000696040779	0	0	4040	3988	0.000722091528	0	0	19	19	3979	3973	0.000492248974	0	0	3970	3988	0.000510672398	0	0	19	19	4010	3977	0.000492248974	0	0	4012	4031	0.000510672398	0	0	19	19	3960	4023	0.001573985799	0	0	4015	3997	0.001616513846	0	0
19	19	4044	3959	0.001573985799	0	0	4010	3973	0.001616513846	0	0	19	19	3953	4008	0.000492248974	0	0	4035	4006	0.000510672398	0	0	19	19	4034	3970	0.000492248974	0	0	4012	3967	0.000510672398	0	0	19	19	3979	3951	0.000696040779	0	0	4020	4046	0.000722091528	0	0	19	19	4025	4026	0.000696040779	0	0	4004	3978	0.000722091528	0	0	19	19	3974	3978	0.000492248974	0	0	4047	3973	0.000510672398	0	0	19	19	4004	3970	0.000492248974	0	0	3993	3964	0.000510672398	0	0	19	19	3987	4030	0.001573985799	0	0	4032	4041	0.001616513846	0	0
19	19	4004	4032	0.001573985799	0	0	4021	3954	0.001616513846	0	0	19	19	3964	3973	0.000492248974	0	0	3974	3967	0.000510672398	0	0	19	19	3973	3977	0.000492248974	0	0	4046	3985	0.000510672398	0	0	19	19	3980	3990	0.000696040779	0	0	3980	4026	0.000722091528	0	0	19	19	3986	3962	0.000696040779	0	0	4012	3985	0.000722091528	0	0	19	19	3986	3956	0.000492248974	0	0	4037	3996	0.000510672398	0	0	19	19	3957	4041	0.000492248974	0	0	3978	4012	0.000510672398	0	0	19	19	4016	3970	0.001573985799	0	0	4046	4017	0.001616513846	0	0
19	19	4004	4037	0.001573985799	0	0	4006	3952	0.001616513846	0	0	19	19	3998	4031	0.000492248974	0	0	4024	4007	0.000510672398	0	0	19	19	3950	4022	0.000492248974	0	0	3995	4016	0.000510672398	0	0	19	19	4026	4031	0.000696040779	0	0	3952	4028	0.000722091528	0	0	19	19	4007	3957	0.000696040779	0	0	3975	3963	0.000722091528	0	0	19	19	4007	4004	0.000492248974	0	0	3956	4049	0.000510672398	0	0	19	19	3975	3981	0.000492248974	0	0	3980	3954	0.000510672398	0	0	19	19	4003	3975	0.001573985799	0	0	3991	4045	0.001616513846	0	0
19	19	4042	3962	0.001573985799	0	0	4009	3986	0.001616513846	0	0	19	19	4022	4002	0.000492248974	0	0	3976	3999	0.000510672398	0	0	19	19	4036	4023	0.000492248974	0	0	3970	3965	0.000510672398	0	0	19	19	3987	4037	0.000696040779	0	0	4019	4014	0.000722091528	0	0	19	19	3964	3958	0.000696040779	0	0	4038	3992	0.000722091528	0	0	19	19	3999	3996	0.000492248974	0	0	4002	3977	0.000510672398	0	0	19	19	3973	4040	0.000492248974	0	0	4041	4010	0.000510672398	0	0	19	19	3986	4010	0.001573985799	0	0	4017	4040	0.001616513846	0	0
19	19	3958	4004	0.001573985799	0	0	3993	4012	0.001616513846	0	0	19	19	4006	3972	0.000492248974	0	0	3960	3951	0.000510672398	0	0	19	19	3955	3982	0.000492248974	0	0	4028	3983	0.000510672398	0	0	19	19	4012	4050	0.000696040779	0	0	4015	4004	0.000722091528	0	0	19	19	3973	4024	0.000696040779	0	0	4039	4036	0.000722091528	0	0	19	19	4010	4016	0.000492248974	0	0	4042	3993	0.000510672398	0	0	19	19	3979	4013	0.000492248974	0	0	3979	4012	0.000510672398	0	0	19	19	3954	4050	0.001573985799	0	0	3970	4011	0.001616513846	0	0
19	19	3985	4022	0.001573985799	0	0	3952	3956	0.001616513846	0	0	19	19	4043	3958	0.000492248974	0	0	3983	4003	0.000510672398	0	0	19	19	3974	4004	0.000492248974	0	0	4028	4002	0.000510672398	0	0	19	19	4044	3964	0.000696040779	0	0	3992	3978	0.000722091528	0	0	19	19	4010	3953	0.000696040779	0	0	3956	3982	0.000722091528	0	0	19	19	3959	3967	0.000492248974	0	0	3987	3954	0.000510672398	0	0	19	19	4021	4014	0.000492248974	0	0	3967	3956	0.000510672398	0	0	19	19	3991	3996	0.001573985799	0	0	3970	4037	0.001616513846	0	0
19	19	4010	3952	0.001573985799	0	0	4040	3995	0.001616513846	0	0	19	19	3955	3960	0.000492248974	0	0	4050	4037	0.000510672398	0	0	19	19	4012	3952	0.000492248974	0	0	3982	3996	0.000510672398	0	0	19	19	3960	4007	0.000696040779	0	0	3982	3995	0.000722091528	0	0	19	19	4008	3957	0.000696040779	0	0	3955	3980	0.000722091528	0	0	19	19	4002	4006	0.000492248974	0	0	3974	4042	0.000510672398	0	0	19	19	4033	3994	0.000492248974	0	0	4049	4008	0.000510672398	0	0	19	19	3973	4031	0.001573985799	0	0	3995	3975	0.001616513846	0	0
19	19	4046	3964	0.001573985799	0	0	4001	4048	0.001616513846	0	0	19	19	4015	4012	0.000492248974	0	0	3997	4008	0.000510672398	0	0	19	19	4042	3987	0.000492248974	0	0	3973	3992	0.000510672398	0	0	19	19	3977	3994	0.000696040779	0	0	4013	4003	0.000722091528	0	0	19	19	3988	4038	0.000696040779	0	0	3980	3990	0.000722091528	0	0	19	19	4002	3956	0.000492248974	0	0	3973	3961	0.000510672398	0	0	19	19	3959	4039	0.000492248974	0	0	3953	4034	0.000510672398	0	0	19	19	4001	3961	0.001573985799	0	0	3999	4010	0.001616513846	0	0
19	19	3959	4048	0.001573985799	0	0	4015	3996	0.001616513846	0	0	19	19	4037	3976	0.000492248974	0	0	4033	3983	0.000510672398	0	0	19	19	4045	3974	0.000492248974	0	0	4046	4001	0.000510672398	0	0	19	19	4007	4050	0.000696040779	0	0	4027	3981	0.000722091528	0	0	19	19	3955	3954	0.000696040779	0	0	4032	3991	0.000722091528	0	0	19	19	3988	4002	0.000492248974	0	0	4040	3990	0.000510672398	0	0	19	19	4011	3959	0.000492248974	0	0	3983	3964	0.000510672398	0	0	19	19	3974	3988	0.001573985799	0	0	3977	3971	0.001616513846	0	0
19	19	4014	4030	0.001573985799	0	0	3971	4040	0.001616513846	0	0	19	19	4025	4004	0.000492248974	0	0	4047	4007	0.000510672398	0	0	19	19	3971	4036	0.000492248974	0	0	4037	3981	0.000510672398	0	0	19	19	3983	4034	0.000696040779	0	0	3999	3955	0.000722091528	0	0	19	19	4028	3993	0.000696040779	0	0	3978	3983	0.000722091528	0	0	19	19	3987	4030	0.000492248974	0	0	3953	4023	0.000510672398	0	0	19	19	4038	3978	0.000492248974	0	0	4016	3973	0.000510672398	0	0	19	19	4012	3957	0.001573985799	0	0	4047	4011	0.001616513846	0	0
19	19	3988	3953	0.001573985799	0	0	4036	4010	0.001616513846	0	0	19	19	4035	4000	0.000492248974	0	0	3950	4042	0.000510672398	0	0	19	19	3991	4023	0.000492248974	0	0	3965	4032	0.000510672398	0	0	19	19	4041	4028	0.000696040779	0	0	4026	3990	0.000722091528	0	0	19	19	4020	4007	0.000696040779	0	0	4009	3984	0.000722091528	0	0	19	19	4021	3966	0.000492248974	0	0	3950	4006	0.000510672398	0	0	19	19	4005	4005	0.000492248974	0	0	4020	4043	0.000510672398	0	0	19	19	4045	4041	0.001573985799	0	0	4011	4043	0.001616513846	0	0
19	19	3961	3984	0.001573985799	0	0	3953	4004	0.001616513846	0	0	19	19	4024	3968	0.000492248974	0	0	3993	3959	0.000510672398	0	0	19	19	3980	4028	0.000492248974	0	0	4004	4027	0.000510672398	0	0	19	19	4014	4040	0.000696040779	0	0	3956	3967	0.000722091528	0	0	19	19	3992	4024	0.000696040779	0	0	4040	3952	0.000722091528	0	0	19	19	3963	3992	0.000492248974	0	0	4027	4002	0.000510672398	0	0	19	19	4026	3967	0.000492248974	0	0	4017	4012	0.000510672398	0	0	19	19	3950	4024	0.001573985799	0	0	4050	3962	0.001616513846	0	0
19	19	3986	3969	0.001573985799	0	0	4022	3967	0.001616513846	0	0	19	19	4049	3951	0.000492248974	0	0	3954	4031	0.000510672398	0	0	19	19	4036	4007	0.000492248974	0	0	4026	4002	0.000510672398	0	0	19	19	4009	3969	0.000696040779	0	0	4000	3955	0.000722091528	0	0	19	19	3955	3983	0.000696040779	0	0	4013	4040	0.000722091528	0	0	19	19	4018	4019	0.000492248974	0	0	4020	4030	0.000510672398	0	0	19	19	4016	4002	0.000492248974	0	0	3983	4044	0.000510672398	0	0	19	19	3974	4001	0.001573985799	0	0	4024	3975	0.001616513846	0	0
19	19	4035	4004	0.001573985799	0	0	4041	3985	0.001616513846	0	0	19	19	4044	4043	0.000492248974	0	0	4009	3960	0.000510672398	0	0	19	19	3987	3977	0.000492248974	0	0	3976	3972	0.000510672398	0	0	19	19	3950	4040	0.000696040779	0	0	3995	4008	0.000722091528	0	0	19	19	3981	4050	0.000696040779	0	0	4049	4047	0.000722091528	0	0	19	19	4017	4023	0.000492248974	0	0	3983	4002	0.000510672398	0	0	19	19	3977	4022	0.000492248974	0	0	4028	3958	0.000510672398	0	0	19	19	3972	3970	0.001573985799	0	0	4013	4023	0.001616513846	0	0
19	19	4034	3951	0.001573985799	0	0	3970	3997	0.001616513846	0	0	19	19	3988	3984	0.000492248974	0	0	3956	4026	0.000510672398	0	0	19	19	3990	4018	0.000492248974	0	0	4005	3955	0.000510672398	0	0	19	19	3981	4047	0.000696040779	0	0	4044	3988	0.000722091528	0	0	19	19	4012	4006	0.000696040779	0	0	4033	4046	0.000722091528	0	0	19	19	3957	4039	0.000492248974	0	0	4006	3969	0.000510672398	0	0	19	19	3972	4021	0.000492248974	0	0	4010	4009	0.000510672398	0	0	19	19	4047	4008	0.001573985799	0	0	3960	3966	0.001616513846	0	0
19	19	3960	3964	0.001573985799	0	0	4017	4014	0.001616513846	0	0	19	19	3987	3966	0.000492248974	0	0	3989	4030	0.000510672398	0	0	19	19	3990	4026	0.000492248974	0	0	3979	4014	0.000510672398	0	0	19	19	4039	3971	0.000696040779	0	0	3998	3961	0.000722091528	0	0	19	19	3963	3956	0.000696040779	0	0	3958	4013	0.000722091528	0	0	19	19	3991	4014	0.000492248974	0	0	4036	4027	0.000510672398	0	0	19	19	4048	4028	0.000492248974	0	0	4044	4024	0.000510672398	0	0	19	19	3975	4022	0.001573985799	0	0	4020	4028	0.001616513846	0	0
19	19	4025	3982	0.001573985799	0	0	4001	4028	0.001616513846	0	0	19	19	4007	4046	0.000492248974	0	0	3967	4041	0.000510672398	0	0	19	19	4025	3978	0.000492248974	0	0	4013	3996	0.000510672398	0	0	19	19	3963	4005	0.000696040779	0	0	4047	3994	0.000722091528	0	0	19	19	4009	3961	0.000696040779	0	0	3970	3966	0.000722091528	0	0	19	19	3953	3977	0.000492248974	0	0	3973	3986	0.000510672398	0	0	19	19	3963	4050	0.000492248974	0	0	4001	3989	0.000510672398	0	0	19	19	3975	3986	0.001573985799	0	0	3990	4043	0.001616513846	0	0
